#Title, #runnumber: 5 petrale15.dat petrale15.ctl 1509.18 33476.3 10289.9 StartTime: Thu Oct 27 14:48:55 2022
SSv3_default_rebuild.dat
# Number of sexes
2
# Age range to consider (minimum age; maximum age)
0 40
# Number of fleets
4
# First year of projection (Yinit)
2015
# First Year of rebuilding period (Ydecl)
2013
# Number of simulations
1000
# Maximum number of years
500
# Conduct projections with multiple starting values (0=No;else yes)
0
# Number of parameter vectors
1000
# Is the maximum age a plus-group (1=Yes;2=No)
1
# Generate future recruitments using historical recruitments (1)  historical recruits/spawner (2)  or a stock-recruitment (3)
3
# Constant fishing mortality (1) or constant Catch (2) projections
1
# Fishing mortality based on SPR (1) or actual rate (2)
1
# Pre-specify the year of recovery (or -1) to ignore
-1
# Fecundity-at-age
# 0 1 2 3 4 5 6 7 8 9 10 11 12 13 14 15 16 17 18 19 20 21 22 23 24 25 26 27 28 29 30 31 32 33 34 35 36 37 38 39 40 #runnumber: 5 petrale15.dat petrale15.ctl 1509.18 33476.3 10289.9
 0 0 0 0.0010804 0.0252734 0.135061 0.340854 0.578445 0.798521 0.99676 1.18323 1.36235 1.53373 1.69586 1.84759 1.98824 2.11756 2.23567 2.34443 2.44259 2.5308 2.60976 2.68024 2.74297 2.79868 2.84805 2.89173 2.93031 2.96434 2.99434 3.02074 3.04397 3.06438 3.08231 3.09805 3.11186 3.12397 3.13459 3.1439 3.15205 3.16481 #female fecundity; weighted by N in year Y_init across morphs and areas
# Age specific selectivity and weight adjusted for discard and discard mortality
 #wt and selex for gender,fleet: 1 1
 0.00261732 0.0569595 0.21115 0.366112 0.511446 0.644916 0.771212 0.895997 1.02429 1.1601 1.30576 1.46037 1.61871 1.77346 1.91935 2.05432 2.178 2.29141 2.3948 2.4879 2.57139 2.64601 2.71253 2.77166 2.82412 2.87056 2.91162 2.94786 2.97982 3.00796 3.03273 3.0545 3.07364 3.09044 3.10518 3.11811 3.12946 3.1394 3.14811 3.15574 3.16768
 0 1.63216e-008 2.0009e-005 0.00119191 0.0141813 0.069014 0.196004 0.391322 0.610585 0.797265 0.918024 0.975806 0.995218 0.999446 0.99997 0.999999 1 1 1 1 1 1 1 1 1 1 1 1 1 1 1 1 1 1 1 1 1 1 1 1 1
 #wt and selex for gender,fleet: 1 2
 0.00261732 0.0269398 0.103031 0.216178 0.353161 0.503466 0.661347 0.823697 0.988431 1.15369 1.31757 1.47817 1.63372 1.78267 1.92378 2.05601 2.1785 2.29156 2.39485 2.48791 2.57139 2.64602 2.71253 2.77166 2.82412 2.87056 2.91162 2.94786 2.97982 3.00796 3.03273 3.0545 3.07364 3.09044 3.10518 3.11811 3.12946 3.1394 3.14811 3.15574 3.16768
 0 0.000918034 0.00709474 0.0307957 0.0858513 0.177889 0.300556 0.439305 0.577657 0.70212 0.804465 0.881781 0.93526 0.968676 0.987052 0.995613 0.998859 0.999725 0.999918 0.999975 0.999992 0.999997 0.999999 1 1 1 1 1 1 1 1 1 1 1 1 1 1 1 1 1 1
 #wt and selex for gender,fleet: 1 3
 0.00261732 0.0377126 0.136878 0.26517 0.404885 0.547437 0.691219 0.837091 0.986333 1.13984 1.29768 1.45839 1.61855 1.77349 1.91936 2.05432 2.178 2.29141 2.3948 2.4879 2.57139 2.64601 2.71253 2.77166 2.82412 2.87056 2.91162 2.94786 2.97982 3.00796 3.03273 3.0545 3.07364 3.09044 3.10518 3.11811 3.12946 3.1394 3.14811 3.15574 3.16768
 0 2.64674e-005 0.00114134 0.0124852 0.0586179 0.163829 0.327481 0.520747 0.703679 0.84532 0.934542 0.978895 0.995286 0.999367 0.999957 0.999999 1 1 1 1 1 1 1 1 1 1 1 1 1 1 1 1 1 1 1 1 1 1 1 1 1
 #wt and selex for gender,fleet: 1 4
 0.00261732 0.0324575 0.119953 0.237947 0.371408 0.511851 0.656792 0.806222 0.960812 1.12097 1.28592 1.45279 1.61676 1.77317 1.91933 2.05432 2.178 2.29141 2.3948 2.4879 2.57139 2.64601 2.71253 2.77166 2.82412 2.87056 2.91162 2.94786 2.97982 3.00796 3.03273 3.0545 3.07364 3.09044 3.10518 3.11811 3.12946 3.1394 3.14811 3.15574 3.16768
 0 0.000254578 0.00487835 0.0334593 0.116603 0.265779 0.458354 0.652418 0.810685 0.915577 0.970775 0.992705 0.998802 0.999884 0.999994 1 1 1 1 1 1 1 1 1 1 1 1 1 1 1 1 1 1 1 1 1 1 1 1 1 1
 #wt and selex for gender,fleet: 2 1
 0.00285951 0.021817 0.205086 0.297442 0.372703 0.437227 0.496486 0.55433 0.612647 0.671107 0.727691 0.780056 0.826668 0.867034 0.90138 0.930282 0.954427 0.974658 0.991557 1.00551 1.01701 1.02647 1.03424 1.04061 1.04584 1.05012 1.05363 1.0565 1.05885 1.06077 1.06233 1.06362 1.06466 1.06552 1.06622 1.06679 1.06726 1.06764 1.06795 1.06821 1.06852
 0 4.33655e-009 7.82046e-006 0.00185827 0.0334944 0.166345 0.405209 0.65288 0.829249 0.925887 0.970167 0.988316 0.995361 0.998072 0.999144 0.999589 0.999786 0.999867 0.999903 0.999925 0.99994 0.999949 0.999956 0.999961 0.999965 0.999967 0.999969 0.999971 0.999972 0.999973 0.999974 0.999975 0.999975 0.999976 0.999976 0.999976 0.999976 0.999976 0.999977 0.999977 0.999977
 #wt and selex for gender,fleet: 2 2
 0.00285951 0.0521808 0.153317 0.246343 0.331497 0.408697 0.479779 0.546683 0.610678 0.671824 0.729126 0.781312 0.827533 0.867571 0.901701 0.930474 0.954545 0.97474 0.991621 1.00556 1.01705 1.02651 1.03427 1.04064 1.04587 1.05015 1.05365 1.05652 1.05887 1.06079 1.06236 1.06364 1.06469 1.06554 1.06624 1.06681 1.06728 1.06766 1.06797 1.06823 1.06854
 0 6.90205e-008 0.00016561 0.00749974 0.0636155 0.21886 0.446429 0.665266 0.82229 0.914018 0.960619 0.98233 0.992009 0.996275 0.99818 0.999058 0.99948 0.999666 0.999753 0.999807 0.999843 0.999868 0.999885 0.999897 0.999906 0.999913 0.999919 0.999923 0.999926 0.999928 0.99993 0.999932 0.999933 0.999934 0.999935 0.999936 0.999936 0.999937 0.999937 0.999937 0.999938
 #wt and selex for gender,fleet: 2 3
 0.00285951 0.0233988 0.201994 0.261922 0.311457 0.3645 0.42911 0.504214 0.581867 0.654852 0.719965 0.776594 0.825138 0.866343 0.901052 0.930116 0.954337 0.9746 0.991513 1.00548 1.01698 1.02644 1.03422 1.04059 1.04582 1.05011 1.05361 1.05648 1.05883 1.06075 1.06232 1.0636 1.06465 1.06551 1.06621 1.06678 1.06725 1.06763 1.06794 1.06819 1.06851
 0 5.54066e-009 0.000201394 0.0292584 0.25255 0.62727 0.878552 0.971692 0.994824 0.999196 0.999886 0.999984 0.999998 1 1 1 1 1 1 1 1 1 1 1 1 1 1 1 1 1 1 1 1 1 1 1 1 1 1 1 1
 #wt and selex for gender,fleet: 2 4
 0.00285951 0.0508109 0.138889 0.220116 0.295009 0.36583 0.437008 0.510756 0.585129 0.656041 0.720321 0.77669 0.825163 0.866349 0.901054 0.930117 0.954337 0.9746 0.991513 1.00548 1.01698 1.02644 1.03422 1.0406 1.04582 1.05011 1.05361 1.05648 1.05883 1.06075 1.06232 1.0636 1.06465 1.06551 1.06621 1.06678 1.06725 1.06763 1.06794 1.0682 1.06851
 0 2.00139e-006 0.00207466 0.0488465 0.245598 0.551264 0.800505 0.930686 0.9801 0.99501 0.998847 0.999741 0.999941 0.999986 0.999996 0.999999 1 1 1 1 1 1 1 1 1 1 1 1 1 1 1 1 1 1 1 1 1 1 1 1 1
# M and current age-structure in year Yinit: 2015
 # gender = 1
 0.145794 0.145794 0.145794 0.145794 0.145794 0.145794 0.145794 0.145794 0.145794 0.145794 0.145794 0.145794 0.145794 0.145794 0.145794 0.145794 0.145794 0.145794 0.145794 0.145794 0.145794 0.145794 0.145794 0.145794 0.145794 0.145794 0.145794 0.145794 0.145794 0.145794 0.145794 0.145794 0.145794 0.145794 0.145794 0.145794 0.145794 0.145794 0.145794 0.145794 0.145794
 7290.47 6245.52 4878.55 4506.95 2698.66 2303.8 2550.07 4688.26 2772.78 1751.75 688.313 430.299 226.226 153.957 72.6842 43.4059 30.3502 21.914 4.53273 2.32801 0.924136 0.71345 0.278181 0.0700084 0.0612289 0.0390156 0.0169516 0.00535311 0.00128504 0.000352226 0.000221015 0.000129506 3.38261e-005 1.20951e-005 6.4167e-006 3.58061e-006 1.60964e-006 8.67113e-007 6.14299e-007 3.36173e-007 2.6425e-007
 # gender = 2
 0.153547 0.153547 0.153547 0.153547 0.153547 0.153547 0.153547 0.153547 0.153547 0.153547 0.153547 0.153547 0.153547 0.153547 0.153547 0.153547 0.153547 0.153547 0.153547 0.153547 0.153547 0.153547 0.153547 0.153547 0.153547 0.153547 0.153547 0.153547 0.153547 0.153547 0.153547 0.153547 0.153547 0.153547 0.153547 0.153547 0.153547 0.153547 0.153547 0.153547 0.153547
 7290.47 6197.28 4803.92 4406.99 2622.1 2206.21 2357.71 4109.09 2296.9 1368.96 489.837 265.551 120.257 73.5096 32.631 18.9186 12.9886 9.09388 1.79037 0.874804 0.336464 0.25621 0.0985287 0.0239843 0.0191216 0.01147 0.00462714 0.00129576 0.000283473 7.71597e-005 5.33804e-005 3.47723e-005 1.00839e-005 3.88564e-006 2.29354e-006 1.36106e-006 5.98635e-007 3.10427e-007 2.18966e-007 1.21763e-007 9.92818e-008
# Age-structure at Ydeclare= 2013
 6530.77 6038.25 3630.45 3140.22 3580.43 6926.27 4390.92 2996.81 1264.57 835.522 455.681 316.851 151.354 90.9488 63.79 46.1214 9.54443 4.90263 1.94622 1.50253 0.585853 0.147439 0.128949 0.0821676 0.0357004 0.0112737 0.00270632 0.000741796 0.000465462 0.000272742 7.12385e-005 2.54726e-005 1.35137e-005 7.54082e-006 3.38993e-006 1.82616e-006 1.29373e-006 7.07987e-007 2.77441e-007 1.37893e-007 1.41182e-007
 6530.77 5991.61 3574.86 3070.1 3478.71 6658.05 4113.77 2654.22 998.314 555.686 254.785 156.588 69.6695 40.432 27.7705 19.4471 3.82901 1.87099 0.719629 0.547988 0.210738 0.0512989 0.0408984 0.0245329 0.00989688 0.00277148 0.000606316 0.000165036 0.000114175 7.43741e-005 2.15684e-005 8.31097e-006 4.90563e-006 2.91116e-006 1.28042e-006 6.6397e-007 4.68344e-007 2.60437e-007 1.04038e-007 5.24679e-008 5.5847e-008
# Year for Tmin Age-structure (set to Ydecl by SS)
2013
#  recruitment and biomass
# Number of historical assessment years
141
# Historical data
# year recruitment spawner in B0 in R project in R/S project
1875  1876 1877 1878 1879 1880 1881 1882 1883 1884 1885 1886 1887 1888 1889 1890 1891 1892 1893 1894 1895 1896 1897 1898 1899 1900 1901 1902 1903 1904 1905 1906 1907 1908 1909 1910 1911 1912 1913 1914 1915 1916 1917 1918 1919 1920 1921 1922 1923 1924 1925 1926 1927 1928 1929 1930 1931 1932 1933 1934 1935 1936 1937 1938 1939 1940 1941 1942 1943 1944 1945 1946 1947 1948 1949 1950 1951 1952 1953 1954 1955 1956 1957 1958 1959 1960 1961 1962 1963 1964 1965 1966 1967 1968 1969 1970 1971 1972 1973 1974 1975 1976 1977 1978 1979 1980 1981 1982 1983 1984 1985 1986 1987 1988 1989 1990 1991 1992 1993 1994 1995 1996 1997 1998 1999 2000 2001 2002 2003 2004 2005 2006 2007 2008 2009 2010 2011 2012 2013 2014 2015 #years (with first value representing R0)
15482.5 15483.1 15483.2 15483.2 15483.3 15483.4 15483.5 15483.4 15483.4 15483.2 15483 15482.8 15482.6 15482.3 15482 15481.8 15481.5 15481.3 15481.1 15480.9 15480.9 15480.8 15480.9 15481.1 15481.3 15481.8 15482.4 15483.1 15484.1 15485.3 15486.8 15488.6 15490.7 15493.3 15496.2 15499.7 15503.7 15508.3 15513.5 15519.5 15526.3 15533.9 15542.3 15550.4 15560.6 15572.9 15587.3 15602.2 15616.9 15632.8 15648.8 15666.3 15685 15703.9 15724.4 15746.7 15775.1 15813.2 15863.7 15951.4 16101 16338.1 16666.8 17035.2 17273.8 17095.3 16407.7 15471.8 14692.7 14398.7 14425.7 13946.2 12640.5 11428.5 10703.8 10594.2 11090.9 11975.9 12583.7 12808.7 12685.6 12486.8 12445.5 12597.8 12787.1 16891.7 16120.1 10521.8 11278.8 15898.5 14687.8 30158.3 12966.2 13718.8 12659.7 13522.5 13080 10700.9 9089.17 11867 11969.5 15213.1 14028.8 10251.3 10053.2 11787.5 10724.7 9549.61 11519.7 17745.4 11349.4 6509.04 8446.09 13086.7 16134.4 15129.1 10122.3 5219.29 9937.23 12252.3 7614.2 9206.68 8660.58 20416.5 13899.2 9865.23 8380.3 9430.53 7918.8 9380.94 10117.8 18473.4 22001.5 29150.8 12881.4 9733.18 9719.82 13972 13061.5 14451.6 14580.9  #recruits; first value is R0 (virgin)
33476.3  33476.6 33475.9 33475.4 33474.8 33474.3 33467.1 33453.4 33433.6 33408.2 33377.5 33342 33302.1 33258.3 33210.9 33160.3 33106.8 33050.8 32992.6 32932.3 32870.2 32806.5 32741.3 32675 32607.5 32539.2 32470.1 32400.2 32329.8 32258.9 32187.5 32115.8 32043.8 31971.6 31899.2 31826.7 31754.2 31681.7 31609.3 31537.1 31465.1 31393.3 31325.1 31174 31099.2 31091 31154.8 31180.1 31123.3 31069.4 30952.7 30847 30754.8 30601.2 30467.6 30290.6 30159.2 30031.5 29834.1 29634.8 28966.2 28351.6 27967.3 27262.8 26452.5 25406.6 24523.6 23906.2 22815.9 21784.2 21312.4 21000 19889.1 19164.3 17558.5 16017.1 14333 13620.9 13025.4 12627.1 11834.6 11213.9 10817.4 10112.9 9535.54 9281.75 8841.99 8102.84 7482.05 6911.65 6801.59 6905.42 6968.18 6905.22 7001.69 7278.06 7522.75 7855.68 7851.8 7838.59 7156.07 6387.26 5864.83 5529.4 4758.72 4005.86 3708.09 3548.36 3315.09 3149.74 3187.97 3217.81 3050.93 2668.74 2484.03 2342.75 2190.13 1802.77 1667.48 1817.45 2281.49 2694.58 2794.89 2676.31 2760.7 2971.32 3014.09 3057.77 3322.72 3962.12 4349.84 4129.32 4050.03 3744.11 3546.09 3387.88 4305.87 5825.95 7710.86 9299.9 10289.9 #spbio; first value is SPB_virgin (virgin)
1 0 0 0 0 0 0 0 0 0 0 0 0 0 0 0 0 0 0 0 0 0 0 0 0 0 0 0 0 0 0 0 0 0 0 0 0 0 0 0 0 0 0 0 0 0 0 0 0 0 0 0 0 0 0 0 0 0 0 0 0 0 0 0 0 0 0 0 0 0 0 0 0 0 0 0 0 0 0 0 0 0 0 0 0 0 0 0 0 0 0 0 0 0 0 0 0 0 0 0 0 0 0 0 0 0 0 0 0 0 0 0 0 0 0 0 0 0 0 0 0 0 0 0 0 0 0 0 0 0 0 0 0 0 0 0 0 0 0 0 0  # in Bzero
0 1 1 1 1 1 1 1 1 1 1 1 1 1 1 1 1 1 1 1 1 1 1 1 1 1 1 1 1 1 1 1 1 1 1 1 1 1 1 1 1 1 1 1 1 1 1 1 1 1 1 1 1 1 1 1 1 1 1 1 1 1 1 1 1 1 1 1 1 1 1 1 1 1 1 1 1 1 1 1 1 1 1 1 1 1 1 1 1 1 1 1 1 1 1 1 1 1 1 1 1 1 1 1 1 1 1 1 1 1 1 1 1 1 1 1 1 1 1 1 1 1 1 1 1 1 1 1 1 1 1 1 1 1 1 1 1 1  0 0 0 # in R project
0 1 1 1 1 1 1 1 1 1 1 1 1 1 1 1 1 1 1 1 1 1 1 1 1 1 1 1 1 1 1 1 1 1 1 1 1 1 1 1 1 1 1 1 1 1 1 1 1 1 1 1 1 1 1 1 1 1 1 1 1 1 1 1 1 1 1 1 1 1 1 1 1 1 1 1 1 1 1 1 1 1 1 1 1 1 1 1 1 1 1 1 1 1 1 1 1 1 1 1 1 1 1 1 1 1 1 1 1 1 1 1 1 1 1 1 1 1 1 1 1 1 1 1 1 1 1 1 1 1 1 1 1 1 1 1 1 1  0 0 0 # in R/S project
# Number of years with pre-specified catches
0
# catches for years with pre-specified catches go next
# Number of future recruitments to override
2
# Process for overiding (-1 for average otherwise index in data list)
2014 1 2014
2015 1 2015
# Which probability to product detailed results for (1=0.5; 2=0.6; etc.)
3
# Steepness sigma-R Auto-correlation
0.901091 0.4 0
# Target SPR rate (FMSY Proxy); manually change to SPR_MSY if not using SPR_target
0.3
# Discount rate (for cumulative catch)
0.1
# Truncate the series when 0.4B0 is reached (1=Yes)
0
# Set F to FMSY once 0.4B0 is reached (1=Yes)
0
# Maximum possible F for projection (-1 to set to FMSY)
-1
# Defintion of recovery (1=now only;2=now or before)
2
# Projection type
4
# Definition of the 40-10 rule
10 40
# Calculate coefficients of variation (1=Yes)
0
# Number of replicates to use
10
# Random number seed
-99004
# File with multiple parameter vectors 
rebuild.SSO
# User-specific projection (1=Yes); Output replaced (1->9)
0  5
# Catches and Fs (Year; 1/2/3 (F or C or SPR); value); Final row is -1
2015 1 1
-1 -1 -1
# Fixed catch project (1=Yes); Output replaced (1->9); Approach (-1=Read in else 1-9)
0 2 -1
# Split of Fs
2015  0.410708 0.339239 0.112814 0.137239
-1  1 1 1 1
# Yrs to define T_target for projection type 4 (a.k.a. 5 pre-specified inputs)
2020 2021 2022 2023 2024 
# Year for probability of recovery
2024 2025 2026 2027 2028 2029 2030 2031
# Time varying weight-at-age (1=Yes;0=No)
0
# File with time series of weight-at-age data
none
# Use bisection (0) or linear interpolation (1)
1
# Target Depletion
0.4
# CV of implementation error
0
